0000200210112001020102110120210012011021112011020110201210102000
1211121001201002101200012100211012000200012011020021112010200210
0120110210220112000210102110200012012112110210102000120201102112
0121012011210120012010211120010210201002010201120020100211121100
2012111201102211201002100120210012101201020012001211121001201211
0120111210002100120102121101210021010201002002011201120112100020
0202100121002101022101021202001020100201021021021002020002011020
1102121121121002011020110211012020001210021002010021100200012011
2102010212112210120002002110120111211211120112001021000200102000
1212012112100020110200020020100200120110201020110201211002011120
0201020001201211022100211120212000020112002101120102112110020010
2100211020102101201112000121011211002121002002000121010211200102
1011211012110020020002211012012010212000120121011211002112010202
0012002101210020020121001200120010211002111200020021112110021211
0120000201121021012200020212100121100212011021011211210002120001
2020021002012021121021121001200120000202012100021001211120110201
1212100122101200021211020201002021102001211012111200012121001201
2010201002012012011210202101020100202021112101120112100021002011
2201020102020102000210021010212002000201201002101120120010202100
0211002002110211002101200200012111200120002101212111211002101122
1120210211120020020110200002010211210012101021112000200210020211
0021011211121000210112012101020211202100020001210112021022100021
2111200200201211121011202000200210112011200012001021121020211012
1101200121101201112012101211020120120100210021001201221121011200
2000210121021002000020020100201020100200021121001201020210020121
0112101021112101200002011121011210012001211200002000201122012111
2101120001201021102120120010210020111211121210121101211211002012
1100210211121011200120112110121100211121012010021101210200012202
0102011021001210002100021011200121002121112101121011201121001201
1021001210121002110121010201121010211211210112100021010210102111
2011020022010211002021000211211211120021112121021011210020102112
1021112000201102111201211121112012010020021211210112110210112110
0220202101020102112002112101021002020002120202110120001210112011
2101120112112011021200012011021021102101120211120010212210020110
2101020010211021101201211020200201211012002010200102021120002101
0210021002021200200102021112100021002110020200102200002101121211
2101021010200212000121112100121020010202000210020002012001020110
2021010202111202112001020020112001021000210122000120121121202021
0102101020020021112001201201201102001202100021100201112000120102
1020121001211121102101120012100021120012200012001212001210021010
2001020121120020021012000201102100021021112001020211012102002111
2101211121011200211012020020020111220100211121100211120012121012
1010201021102000200012000120001202012100210021100201021012100120
0211120112112100120002101121100212110022101211012101120200012002
1211120212010020100211210002001201120102021000210012012100021011
2010021010201002010020102000210012020022011210112000121010211002
1112001212010211002000211210012002110202111211210021012020201102
1102112100121211121101200120102102201020121011200210102001211120
1202101021201021010210112110121012002010211012101020002101120211
1121101210112002102020210122020102011021102110121012021200120012
1001201112011021101210112012100021010201021211121000210102121111
2000121002001200202102201020110202011212110210102002101021000210
1210112012111201102101121120020001200211002111211112010200210112
0110200202021220210012011120012000121001210002101200012011020010
2001210112101120120110211012100021020200020010212000212120020111
2011211012100201220110210021012021201120010210121012001020000210
0201021002012021101201112100021112101211121120100210021200200121
1002110121012022010211012010210020002001021100201102000121000200
0121112001020000210121101201201212012010200212100121011210112101
1201211002101121012102200102110021101200002111210212100020021000
2011210200012110120020002112121000200102112101021100201201021020
0021020010211012112012211002112102110120112000121200002100021011
2110121001200012011210020120002100201200012101200210112011211120
2102010212102110121001
