179, 168, 205, 126, 203, 164, 140, 114, 103, 169, 200, 144, 142, 91, 102, 93, 209,
121, 127, 198, 152, 110, 186, 105, 183, 188, 138, 80, 58, 116, 158, 207, 127, 141,
201, 185, 167, 123, 115, 147, 163, 115, 189, 202, 37, 187, 180, 137, 195, 06, 191,
136, 110, 118, 166, 59, 175, 154, 143, 08, 183, 166, 199, 04, 207, 126, 129, 207,
133, 06, 211, 156, 66, 194, 50, 200, 193, 201, 188, 59, 84, 124, 148, 160, 183,
117, 169, 100, 207, 189, 133, 211, 173, 149, 171, 138, 164, 130, 183, 209, 109, 39,
93, 198, 193, 211, 123, 106, 159, 149, 135, 85, 10, 96, 202, 82, 165, 160, 205, 30,
42, 76, 10, 153, 87, 129, 196, 203, 108, 92, 143, 62, 142, 170, 200, 74, 170, 158,
157, 70, 117, 186, 58, 175, 173, 180, 202, 110, 195, 158, 201, 150, 87, 110, 150,
167, 161, 182, 163, 185, 204, 182, 167, 207, 149, 65, 196, 146, 107, 133, 162, 48,
169, 04, 210, 118, 153, 156, 152, 200, 124, 126, 211, 65, 119, 111, 188, 210, 67,
174, 139, 204, 192, 182, 111, 104, 149, 198, 188, 205, 153, 172, 182, 140, 33, 94,
04, 208, 64, 117, 205, 28, 193, 194, 38, 160, 158, 201, 116, 176, 173, 130, 210,
187, 131, 77, 124, 207, 139, 200, 76, 150, 00, 140, 162, 188, 209, 125, 208, 62,
104, 134, 51, 172, 209, 162, 111, 114, 131, 144, 158, 167, 102, 69, 203, 52, 50,
208, 01, 210, 180, 127, 102, 111, 52, 181, 12, 120, 24, 186, 203, 153, 128, 111,
191, 206, 22, 167, 117, 150, 206, 104, 193, 201, 81, 122, 163, 188, 203, 169, 51,
205, 88, 79, 170, 133, 102, 159, 202, 117, 191, 152, 200, 112, 201, 193, 155, 108,
177, 112, 183, 188, 199, 159, 137, 138, 139, 166, 86, 32, 107, 209, 134, 164, 113,
65, 188, 172, 11, 123, 158, 175, 74, 111, 111, 147, 106, 72, 124, 07, 33, 72, 09,
205, 147, 135, 82, 16, 160, 203, 70, 188, 87, 181, 141, 139, 207, 155, 211, 13, 78,
87, 134, 187, 208, 09, 195, 182, 129, 203, 112, 204, 175, 185, 144, 155, 94, 104,
206, 15, 123, 112, 43, 133, 188, 202, 189, 158, 207, 131, 129, 181, 121, 140, 186,
174, 206, 138, 119, 145, 141, 63, 128, 117, 194, 85, 07, 105, 25, 157, 161, 15, 39,
79, 188, 168, 176, 211, 158, 92, 96, 166, 94, 147, 31, 108, 91, 27, 15, 195, 208,
109, 211, 115, 116, 129, 115, 164, 144, 04, 126, 78, 125, 160, 141, 160, 00, 196,
146, 11, 145, 52, 161, 144, 122, 36, 106, 64, 173, 12, 201, 16, 177, 21, 135, 210,
85, 137, 172, 194, 151, 93, 88, 189, 168, 144, 189, 121, 150, 200, 06, 130, 176,
10, 194, 165, 07, 03, 191, 141, 129, 29, 121, 142, 84, 62, 154, 86, 156, 210, 44,
191, 208, 104, 141, 182, 201, 165, 104, 81, 12, 152, 89, 134, 136, 202, 148, 101,
211, 143, 155, 00, 111, 96, 158, 03, 125, 111, 45, 00, 41, 204, 165, 95, 200, 124,
163, 149, 179, 207, 155, 05, 157, 08, 211, 183, 10, 199, 21, 48, 143, 107, 181,
144, 133, 08, 164, 186, 158, 50, 208, 166, 59, 39, 88, 202, 171, 135, 200, 129,
169, 206, 174, 50, 211, 64, 98, 196, 132, 85, 185, 209, 62, 116, 180, 129, 117,
187, 96, 149, 210, 171, 63, 177, 123, 74, 200, 95, 113, 179, 154, 185, 185, 144,
125, 182, 187, 157, 100, 132, 157, 196, 145, 09, 116, 134, 133, 102, 206, 41, 118,
131, 29, 161, 30, 07, 69, 166, 71, 47, 93, 123, 108, 177, 131, 101, 189, 154, 118,
120, 203, 103, 31, 200, 139, 113, 95, 207, 115, 147, 63, 102, 49, 116, 154, 167,
208, 138, 62, 47, 159, 46, 168, 151, 129, 200, 186, 198, 119, 167, 162, 127, 34,
40, 28, 196, 32, 191, 211, 122, 164, 171, 156, 133, 147, 146, 179, 104, 144, 143,
146, 104, 172, 12, 119, 176, 207, 135, 78, 105, 210, 91, 59, 168, 211, 188, 186,
120, 181, 109, 130, 76, 193, 162, 95, 204, 124, 104, 134, 178, 69, 149, 179, 120,
133, 106, 109, 187, 109, 186, 198, 11, 23, 112, 104, 202, 111, 123, 102, 173, 120,
66, 188, 172, 106, 168, 100, 154, 96, 204, 54, 168, 144, 117, 159, 120, 202, 145,
09, 12, 189, 167, 191, 26, 141, 176, 114, 46, 207, 48, 80, 174, 68, 64, 173, 54,
39, 20, 123, 06, 173, 18, 208, 100, 143, 166, 94, 175, 147, 01, 143, 209, 170, 133,
13, 82, 210, 118, 160, 53, 125, 165, 122, 18, 205, 73, 130, 48, 177, 111, 14, 100,
34, 150, 141, 20, 04, 178, 86, 208, 189, 193, 119, 107, 149, 75, 150, 204, 13, 121,
56, 181, 126, 194, 118, 164, 105, 151, 151, 24, 195, 01, 77, 132, 79, 101, 205, 87,
142, 158, 51, 175, 153, 205, 52, 88, 148, 140, 161, 122, 36, 46, 60, 145, 193, 126,
159, 152, 23, 102, 203, 192, 182, 197, 104, 145, 203, 55, 158, 210, 59, 126, 150,
103, 128, 137, 200, 53, 63, 152, 139, 105, 27, 186, 211, 173, 205, 141, 168, 168,
134, 95, 13, 143, 104, 110, 186, 30, 84, 100, 130, 131, 124, 179, 159, 101, 200,
168, 178, 187, 156, 103, 111, 210, 181, 00, 204, 154, 151, 69, 08, 211, 194, 185,
193, 159, 205, 182, 208, 125, 05, 135, 147, 173, 42, 174, 186, 144, 174, 206, 189,
167, 27, 188, 108, 142, 133, 24, 187, 80, 155, 173, 125, 24, 180, 123, 193, 120,
210, 96, 49, 143, 146, 195, 134, 208, 192, 115, 149, 136, 128, 110, 179, 172, 109,
200, 147, 147, 146, 165, 180, 207, 140, 149, 136, 169, 108, 68, 164, 98, 105, 152,
107, 105, 142, 184, 109, 77, 120, 133, 122, 155, 150, 132, 174, 142, 145, 32, 139,
134, 116, 10, 153, 138, 172, 108, 205, 163, 202, 135, 192, 196, 161, 146, 185, 103,
141, 202, 148, 149, 129, 33, 32, 191, 135, 178, 143, 162, 171, 165, 177, 106, 118,
192, 170, 41, 203, 116, 157, 155, 98, 189, 124, 142, 29, 188, 204, 116, 186, 205,
154, 43, 207, 78, 112, 125, 174, 170, 129, 100, 164, 189, 170, 104, 26, 28, 156,
174, 35, 00, 170, 61, 178, 196, 54, 135, 85, 192, 167, 182, 42, 129, 206, 166, 148,
119, 202, 174, 128, 169, 112, 53, 47, 107, 202, 172, 201, 121, 201, 69, 156, 185,
03, 121, 18, 163, 173, 141, 31, 115, 95, 13, 127, 92, 115, 10, 116, 159, 127, 166,
205, 186, 11, 61, 103, 86, 130, 115, 116, 210, 152, 61, 127, 153, 139, 07, 37, 179,
40, 181, 208, 109, 122, 197, 89, 122, 57, 162, 107, 46, 166, 136, 54, 169, 137,
208, 125, 209, 29, 145, 78, 96, 106, 192, 170, 122, 127, 125, 208, 128, 182, 201,
177, 02, 139, 105, 167, 189, 113, 150, 51, 145, 21, 157, 194, 48, 157, 13, 191,
186, 162, 36, 178, 57, 129, 145, 113, 178, 21, 191, 93, 202, 123, 172, 188, 127,
84, 169, 05, 48, 204, 177, 52, 114, 01, 204, 128, 188, 171, 65, 157, 188, 159, 113,
197, 167, 163, 204, 37, 19, 146, 117, 25, 204, 139, 31, 205, 109, 158, 167, 196,
182, 04, 123, 203, 162, 200, 25, 130, 200, 163, 103, 150, 07, 13, 157, 94, 139,
141, 47, 185, 129, 137, 140, 133, 113, 146, 150, 189, 210, 191, 32, 192, 122, 116,
156, 207, 102, 72, 106, 131, 194, 185, 98, 76, 208, 188, 136, 201, 156, 211, 113,
165, 206, 111, 138, 200, 174, 170, 32, 57, 49, 194, 168, 159, 24, 91, 132, 137,
187, 129, 205, 145, 106, 164, 12, 146, 200, 116, 179, 49, 168, 142, 44, 05, 187,
177, 141, 111, 179, 24, 201, 168, 119, 129, 201, 15, 155, 109, 135, 15, 106, 195,
113, 77, 152, 161, 174, 193, 196, 101, 186, 134, 180, 181, 93, 150, 178, 189, 53,
185, 169, 78, 193, 207, 23, 101, 186, 121, 179, 94, 127, 134, 26, 194, 201, 139,
72, 146, 111, 145, 113, 168, 209, 146, 48, 180, 179, 201, 34, 91, 122, 179, 91,
200, 37, 186, 37, 71, 18, 155, 50, 30, 195, 58, 41, 127, 107, 146, 163, 147, 113,
168, 173, 163, 102, 179, 193, 74, 119, 178, 08, 17, 179, 175, 88, 31, 209, 124,
209, 102, 205, 192, 124, 200, 148, 152, 161, 106, 31, 134, 107, 142, 145, 208, 132,
39, 209, 141, 187, 31, 104, 145, 201, 122, 139, 06, 193, 110, 60, 122, 140, 161,
113, 200, 68, 196, 115, 129, 211, 161, 129, 81, 44, 196, 115, 156, 184, 102, 131,
175, 185, 174, 177, 101, 210, 92, 10, 159, 166, 153, 127, 176, 161, 122, 95, 130,
153, 197, 57, 13, 179, 191, 182, 151, 22, 174, 187, 143, 29, 123, 178, 55, 91, 117,
184, 13, 203, 125, 39, 137, 82, 185, 10, 179, 193, 205, 114, 100, 205, 168, 202,
121, 186, 89, 05, 27, 210, 111, 169, 130, 36, 157, 177, 146, 111, 200, 176, 161,
103, 151, 159, 66, 127, 186, 101, 177, 202, 41, 79, 137, 204, 118, 203, 186, 134,
177, 174, 209, 155, 163, 207, 109, 188, 155, 151, 200, 20, 141, 211, 42, 135, 102,
115, 148, 120, 81, 113, 131, 141, 118, 184, 208, 117, 179, 205, 111, 203, 114, 109,
125, 62, 160, 181, 209, 193, 162, 56, 166, 171, 185, 131, 187, 37, 152, 176, 137,
194, 165, 140, 207, 170, 133, 178, 131, 101, 121, 143, 155, 171, 129, 208, 155,
173, 186, 15, 143, 36, 182, 203, 80, 123, 107, 140, 72, 149, 137, 79, 111, 61, 113,
15, 205, 127, 57, 134, 195, 124, 39, 182, 209, 117, 136, 128, 114, 108, 209, 31,
75, 144, 109, 187, 168, 102, 176, 105, 85, 135, 113, 131, 189, 146, 142, 20, 137,
136, 181, 117, 196, 109, 195, 106, 138, 114, 12, 143, 164, 130, 125, 08, 180, 202,
101, 31, 152, 166, 192, 156, 112, 185, 178, 188, 53, 38, 196, 174, 185, 147, 19,
187, 113, 154, 27, 129, 88, 29, 114, 210, 100, 60, 94, 141, 43, 182, 121, 201, 116,
174, 30, 208, 187, 143, 93, 161, 115, 28, 139, 86, 21, 135, 185, 143, 205, 146,
195, 122, 118, 28, 124, 202, 88, 165, 105, 168, 73, 202, 154, 193, 193, 108, 176,
84, 190, 153, 146, 176, 184, 163, 173, 204, 152, 153, 168, 165, 01, 157, 208, 170,
166, 105, 59, 94, 185, 135, 119, 208, 142, 154, 135, 109, 108, 169, 139, 130, 94,
205, 63, 107, 108, 119, 201, 170, 145, 132, 162, 191, 195, 124, 206, 142, 182, 149,
153, 139, 34, 187, 79, 154, 25, 170, 150, 198, 75, 201, 168, 137, 184, 202, 113,
182, 125, 107, 126, 120, 81, 09, 142, 203, 134, 20, 130, 131, 203, 78, 202, 163,
72, 162, 177, 158, 92, 142, 108, 185, 158, 185, 210, 149, 117, 04, 124, 187, 180,
170, 153, 168, 136, 106, 177, 111, 10, 127, 124, 205, 37, 140, 182, 136, 160, 210,
112, 165, 157, 186, 171, 68, 131, 144, 168, 196, 62, 170, 200, 133, 203, 112, 175,
50, 122, 112, 184, 143, 137, 172, 25, 124, 187, 206, 143, 210, 134, 69, 156, 82,
189, 135, 182, 125, 113, 20, 145, 141, 107, 207, 82, 14, 166, 167, 132, 136, 58,
195, 209, 22, 118, 40, 110, 51, 102, 144, 134, 87, 166, 194, 118, 203, 166, 72,
125, 111, 201, 118, 166, 117, 167, 192, 170, 114, 22, 75, 38, 134, 107, 182, 128,
145, 149, 179, 179, 62, 176, 106, 168, 151, 51, 201, 140, 08, 148, 157, 149, 53,
111, 51, 115, 143, 109, 211, 186, 198, 177, 110, 26, 202, 27, 172, 124, 140, 145,
154, 207, 65, 110, 59, 202, 159, 113, 118, 188, 209, 79, 169, 12, 179, 102, 67,
174, 28, 203, 51, 154, 160, 13, 159, 149, 168, 164, 109, 205, 154, 116, 157, 86,
173, 157, 112, 194, 80, 45, 107, 22, 168, 39, 134, 179, 162, 180, 204, 134, 208,
195, 106, 129, 133, 101, 202, 186, 204, 186, 73, 189, 121, 138, 201, 166, 147, 09,
159, 132, 96, 196, 206, 126, 164, 101, 187, 14, 141, 205, 195, 158, 192, 194, 191,
195, 201, 146, 195, 06, 157, 152, 123, 182, 139, 125, 162, 180, 45, 20, 121, 125,
31, 124, 161, 105, 95, 106, 65, 166, 207, 156, 123, 117, 182, 142, 132, 200, 75,
71, 170, 129, 166, 211, 160, 88, 172, 82, 152, 208, 61, 193, 181, 109, 164, 162,
196, 182, 128, 145, 207, 88, 65, 147, 208, 198, 129, 137, 112, 128, 119, 153, 50,
201, 122, 73, 149, 153, 70, 208, 81, 108, 11, 201, 152, 204, 81, 00, 163, 88, 169,
128, 117, 159, 175, 112, 143, 112, 183, 137, 199, 161, 201, 154, 192, 155, 132,
102, 202, 116, 75, 66, 194, 210, 180, 161, 40, 41, 93, 208, 104, 123, 101, 123, 15,
60, 206, 161, 132, 51, 193, 56, 66, 69, 93, 173, 149, 153, 76, 117, 71, 47, 177,
154, 92, 184, 86, 173, 117, 203, 179, 159, 182, 156, 01, 191, 151, 11, 22, 147,
163, 186, 102, 111, 133, 74, 152, 206, 188, 195, 103, 138, 159, 188, 153, 206, 127,
111, 114, 188, 194, 203, 39, 108, 65, 206, 143, 155, 168, 124, 152, 146, 192, 145,
51, 211, 88, 47, 177, 34, 13, 127, 192, 114, 105, 95, 202, 13, 75, 106, 102, 165,
84, 182, 135, 35, 78, 157, 24, 48, 201, 111, 33, 124, 128, 174, 209, 176, 140, 62,
166, 125, 05, 125, 177, 162, 208, 70, 182, 128, 186, 205, 198, 161, 166, 89, 100,
52, 161, 202, 112, 200, 107, 20, 123, 144, 192, 122, 131, 09, 108, 52, 161, 169,
196, 124, 85, 47, 61, 112, 207, 92, 205, 111, 02, 48, 29, 114, 211, 101, 177, 109,
179, 101, 74, 193, 110, 59, 172, 144, 47, 185, 211, 182, 187, 160, 129, 110, 148,
172, 82, 104, 133, 138, 06, 180, 18, 106, 07, 64, 130, 83, 188, 118, 160, 101, 187,
106, 118, 105, 163, 167, 123, 211, 82, 35, 204, 63, 209, 46, 67, 206, 188, 210, 87
