19th November 2020 at 9:05 am
#52164
The-letter-wriggler
Participant

THOSE INSANE SUDOKU ANSWERS

===================== ANSWER INSANE 1
5 1 6 | 2 3 9 | 4 7 8
4 2 7 | 5 6 8 | 9 1 3
3 8 9 | 7 1 4 | 2 5 6
------+-------+------
6 5 8 | 9 7 3 | 1 2 4
7 9 1 | 8 4 2 | 3 6 5
2 4 3 | 1 5 6 | 7 8 9
------+-------+------
8 3 2 | 6 9 7 | 5 4 1
1 6 4 | 3 2 5 | 8 9 7
9 7 5 | 4 8 1 | 6 3 2

===================== ANSWER INSANE 2
7 9 3 | 1 8 2 | 4 5 6
2 8 1 | 4 5 6 | 3 9 7
4 5 6 | 3 9 7 | 8 2 1
------+-------+------
3 6 8 | 7 1 9 | 2 4 5
9 4 7 | 8 2 5 | 6 1 3
1 2 5 | 6 3 4 | 9 7 8
------+-------+------
5 1 4 | 9 6 8 | 7 3 2
6 3 9 | 2 7 1 | 5 8 4
8 7 2 | 5 4 3 | 1 6 9

===================== ANSWER INSANE 3
9 6 3 | 8 4 1 | 5 7 2
7 1 2 | 6 9 5 | 8 3 4
4 5 8 | 2 3 7 | 6 9 1
------+-------+------
3 2 6 | 4 7 8 | 9 1 5
8 7 4 | 1 5 9 | 2 6 3
5 9 1 | 3 6 2 | 7 4 8
------+-------+------
1 8 7 | 9 2 3 | 4 5 6
2 4 9 | 5 1 6 | 3 8 7
6 3 5 | 7 8 4 | 1 2 9

===================== ANSWER INSANE 4
6 1 2 | 4 9 7 | 3 8 5
5 3 4 | 8 2 1 | 6 7 9
7 8 9 | 6 5 3 | 1 4 2
------+-------+------
8 9 3 | 7 6 4 | 2 5 1
4 2 5 | 9 1 8 | 7 3 6
1 7 6 | 2 3 5 | 8 9 4
------+-------+------
9 4 1 | 3 7 2 | 5 6 8
2 6 7 | 5 8 9 | 4 1 3
3 5 8 | 1 4 6 | 9 2 7

===================== ANSWER INSANE 5
7 3 4 | 8 1 9 | 2 5 6
5 8 6 | 4 7 2 | 9 1 3
2 9 1 | 3 5 6 | 8 4 7
------+-------+------
1 2 3 | 5 4 7 | 6 8 9
8 4 7 | 6 9 3 | 1 2 5
9 6 5 | 1 2 8 | 7 3 4
------+-------+------
6 5 9 | 2 3 1 | 4 7 8
3 1 8 | 7 6 4 | 5 9 2
4 7 2 | 9 8 5 | 3 6 1

=====================
In String Format:
===================== ANSWER INSANE 1
516239478427568913389714256658973124791842365243156789832697541164325897975481632
===================== ANSWER INSANE 2
793182456281456397456397821368719245947825613125634978514968732639271584872543169
===================== ANSWER INSANE 3
963841572712695834458237691326478915874159263591362748187923456249516387635784129
===================== ANSWER INSANE 4
612497385534821679789653142893764251425918736176235894941372568267589413358146927
===================== ANSWER INSANE 5
734819256586472913291356847123547689847693125965128734659231478318764592472985361
===================== THE ADDITION ANSWER FOR ALL FIVE WAS:
516 + 793 + 963 + 612 + 734 = 3618
